     t1 =
     0
    -4
     4
    -8
     8
   -12
    12
   -16
    16
   -20
    20
   -24
    24
   -28
    28
   -32
    32
   -36
    36
   -40
    40
   -44
    44
   -48
    48
   -52
    52
   -56
    56
   -60
    60
   -64
     1
    -3
     5
    -7
     9
   -11
    13
   -15
    17
   -19
    21
   -23
    25
   -27
    29
   -31
    33
   -35
    37
   -39
    41
   -43
    45
   -47
    49
   -51
    53
   -55
    57
   -59
    61
   -63
     2
    -2
     6
    -6
    10
   -10
    14
   -14
    18
   -18
    22
   -22
    26
   -26
    30
   -30
    34
   -34
    38
   -38
    42
   -42
    46
   -46
    50
   -50
    54
   -54
    58
   -58
    62
   -62
     3
    -1
     7
    -5
    11
    -9
    15
   -13
    19
   -17
    23
   -21
    27
   -25
    31
   -29
    35
   -33
    39
   -37
    43
   -41
    47
   -45
    51
   -49
    55
   -53
    59
   -57
    63
   -61
   t2 = 
   -32
   -31
   -30
   -29
   -28
   -27
   -26
   -25
   -24
   -23
   -22
   -21
   -20
   -19
   -18
   -17
   -16
   -15
   -14
   -13
   -12
   -11
   -10
    -9
    -8
    -7
    -6
    -5
    -4
    -3
    -2
    -1
     0
     1
     2
     3
     4
     5
     6
     7
     8
     9
    10
    11
    12
    13
    14
    15
    16
    17
    18
    19
    20
    21
    22
    23
    24
    25
    26
    27
    28
    29
    30
    31
