     t1 =
     0
    -8
     8
   -16
    16
   -24
    24
   -32
    32
   -40
    40
   -48
    48
   -56
    56
   -64
     1
    -7
     9
   -15
    17
   -23
    25
   -31
    33
   -39
    41
   -47
    49
   -55
    57
   -63
     2
    -6
    10
   -14
    18
   -22
    26
   -30
    34
   -38
    42
   -46
    50
   -54
    58
   -62
     3
    -5
    11
   -13
    19
   -21
    27
   -29
    35
   -37
    43
   -45
    51
   -53
    59
   -61
     4
    -4
    12
   -12
    20
   -20
    28
   -28
    36
   -36
    44
   -44
    52
   -52
    60
   -60
     5
    -3
    13
   -11
    21
   -19
    29
   -27
    37
   -35
    45
   -43
    53
   -51
    61
   -59
     6
    -2
    14
   -10
    22
   -18
    30
   -26
    38
   -34
    46
   -42
    54
   -50
    62
   -58
     7
    -1
    15
    -9
    23
   -17
    31
   -25
    39
   -33
    47
   -41
    55
   -49
    63
   -57
