t1 = 
  -32
  -30
  -28
  -26
  -24
  -22
  -20
  -18
  -16
  -14
  -12
  -10
  -8
  -6
  -4
  -2
  0
  2
  4
  6
  8
  10
  12
  14
  16
  18
  20
  22
  24
  26
  28
  30
  -31
  -29
  -27
  -25
  -23
  -21
  -19
  -17
  -15
  -13
  -11
  -9
  -7
  -5
  -3
  -1
  1
  3
  5
  7
  9
  11
  13
  15
  17
  19
  21
  23
  25
  27
  29
  31
t2 = 
  -32
  2
  2
  2
  2
  2
  2
  2
  2
  2
  2
  2
  2
  2
  2
  2
  2
  2
  2
  2
  2
  2
  2
  2
  2
  2
  2
  2
  2
  2
  2
  2
  -31
  2
  2
  2
  2
  2
  2
  2
  2
  2
  2
  2
  2
  2
  2
  2
  2
  2
  2
  2
  2
  2
  2
  2
  2
  2
  2
  2
  2
  2
  2
  2
