t1 = 
    -7
   -15
   -23
   -31
    -6
   -14
   -22
   -30
    -5
   -13
   -21
   -29
    -4
   -12
   -20
   -28
    -3
   -11
   -19
   -27
    -2
   -10
   -18
   -26
    -1
    -9
   -17
   -25
     0
    -8
   -16
   -24
     1
     9
    17
    25
     2
    10
    18
    26
     3
    11
    19
    27
     4
    12
    20
    28
     5
    13
    21
    29
     6
    14
    22
    30
     7
    15
    23
    31
     8
    16
    24
    32

t2 = 
    -7
    -8
    -8
    -8
    -6
    -8
    -8
    -8
    -5
    -8
    -8
    -8
    -4
    -8
    -8
    -8
    -3
    -8
    -8
    -8
    -2
    -8
    -8
    -8
    -1
    -8
    -8
    -8
     0
    -8
    -8
    -8
     1
     8
     8
     8
     2
     8
     8
     8
     3
     8
     8
     8
     4
     8
     8
     8
     5
     8
     8
     8
     6
     8
     8
     8
     7
     8
     8
     8
     8
     8
     8
     8
