t1 = 
  -16
  -12
  -8
  -4
  0
  4
  8
  12
  16
  20
  24
  28
  32
  36
  40
  44
  48
  52
  56
  60
  64
  68
  72
  76
  -15
  -11
  -7
  -3
  1
  5
  9
  13
  17
  21
  25
  29
  33
  37
  41
  45
  49
  53
  57
  61
  65
  69
  73
  77
  -14
  -10
  -6
  -2
  2
  6
  10
  14
  18
  22
  26
  30
  34
  38
  42
  46
  50
  54
  58
  62
  66
  70
  74
  78
  -13
  -9
  -5
  -1
  3
  7
  11
  15
  19
  23
  27
  31
  35
  39
  43
  47
  51
  55
  59
  63
  67
  71
  75
  79
t2 = 
  -16
  4
  4
  4
  4
  4
  4
  4
  4
  4
  4
  4
  4
  4
  4
  4
  4
  4
  4
  4
  4
  4
  4
  4
  -15
  4
  4
  4
  4
  4
  4
  4
  4
  4
  4
  4
  4
  4
  4
  4
  4
  4
  4
  4
  4
  4
  4
  4
  -14
  4
  4
  4
  4
  4
  4
  4
  4
  4
  4
  4
  4
  4
  4
  4
  4
  4
  4
  4
  4
  4
  4
  4
  -13
  4
  4
  4
  4
  4
  4
  4
  4
  4
  4
  4
  4
  4
  4
  4
  4
  4
  4
  4
  4
  4
  4
  4
t3 = 
  -16
  -15
  -14
  -13
t4 = 
  4
  4
  4
  4
