t1 = 
  -127   -31   -63   -95
  -126   -30   -62   -94
  -125   -29   -61   -93
  -124   -28   -60   -92
  -123   -27   -59   -91
  -122   -26   -58   -90
  -121   -25   -57   -89
  -120   -24   -56   -88
  -119   -23   -55   -87
  -118   -22   -54   -86
  -117   -21   -53   -85
  -116   -20   -52   -84
  -115   -19   -51   -83
  -114   -18   -50   -82
  -113   -17   -49   -81
  -112   -16   -48   -80
  -111   -15   -47   -79
  -110   -14   -46   -78
  -109   -13   -45   -77
  -108   -12   -44   -76
  -107   -11   -43   -75
  -106   -10   -42   -74
  -105    -9   -41   -73
  -104    -8   -40   -72
  -103    -7   -39   -71
  -102    -6   -38   -70
  -101    -5   -37   -69
  -100    -4   -36   -68
   -99    -3   -35   -67
   -98    -2   -34   -66
   -97    -1   -33   -65
   -96     0   -32   -64
    97     1    33    65
    98     2    34    66
    99     3    35    67
   100     4    36    68
   101     5    37    69
   102     6    38    70
   103     7    39    71
   104     8    40    72
   105     9    41    73
   106    10    42    74
   107    11    43    75
   108    12    44    76
   109    13    45    77
   110    14    46    78
   111    15    47    79
   112    16    48    80
   113    17    49    81
   114    18    50    82
   115    19    51    83
   116    20    52    84
   117    21    53    85
   118    22    54    86
   119    23    55    87
   120    24    56    88
   121    25    57    89
   122    26    58    90
   123    27    59    91
   124    28    60    92
   125    29    61    93
   126    30    62    94
   127    31    63    95
   128    32    64    96
