t1 = 
  -127  -111   -15   -31   -47   -63   -79   -95
  -126  -110   -14   -30   -46   -62   -78   -94
  -125  -109   -13   -29   -45   -61   -77   -93
  -124  -108   -12   -28   -44   -60   -76   -92
  -123  -107   -11   -27   -43   -59   -75   -91
  -122  -106   -10   -26   -42   -58   -74   -90
  -121  -105    -9   -25   -41   -57   -73   -89
  -120  -104    -8   -24   -40   -56   -72   -88
  -119  -103    -7   -23   -39   -55   -71   -87
  -118  -102    -6   -22   -38   -54   -70   -86
  -117  -101    -5   -21   -37   -53   -69   -85
  -116  -100    -4   -20   -36   -52   -68   -84
  -115   -99    -3   -19   -35   -51   -67   -83
  -114   -98    -2   -18   -34   -50   -66   -82
  -113   -97    -1   -17   -33   -49   -65   -81
  -112   -96     0   -16   -32   -48   -64   -80
   113    97     1    17    33    49    65    81
   114    98     2    18    34    50    66    82
   115    99     3    19    35    51    67    83
   116   100     4    20    36    52    68    84
   117   101     5    21    37    53    69    85
   118   102     6    22    38    54    70    86
   119   103     7    23    39    55    71    87
   120   104     8    24    40    56    72    88
   121   105     9    25    41    57    73    89
   122   106    10    26    42    58    74    90
   123   107    11    27    43    59    75    91
   124   108    12    28    44    60    76    92
   125   109    13    29    45    61    77    93
   126   110    14    30    46    62    78    94
   127   111    15    31    47    63    79    95
   128   112    16    32    48    64    80    96
