t1 = 
  -127  -111   -95   -15   -31   -47   -63   -79
  -126  -110   -94   -14   -30   -46   -62   -78
  -125  -109   -93   -13   -29   -45   -61   -77
  -124  -108   -92   -12   -28   -44   -60   -76
  -123  -107   -91   -11   -27   -43   -59   -75
  -122  -106   -90   -10   -26   -42   -58   -74
  -121  -105   -89    -9   -25   -41   -57   -73
  -120  -104   -88    -8   -24   -40   -56   -72
  -119  -103   -87    -7   -23   -39   -55   -71
  -118  -102   -86    -6   -22   -38   -54   -70
  -117  -101   -85    -5   -21   -37   -53   -69
  -116  -100   -84    -4   -20   -36   -52   -68
  -115   -99   -83    -3   -19   -35   -51   -67
  -114   -98   -82    -2   -18   -34   -50   -66
  -113   -97   -81    -1   -17   -33   -49   -65
  -112   -96   -80     0   -16   -32   -48   -64
   113    97    81     1    17    33    49    65
   114    98    82     2    18    34    50    66
   115    99    83     3    19    35    51    67
   116   100    84     4    20    36    52    68
   117   101    85     5    21    37    53    69
   118   102    86     6    22    38    54    70
   119   103    87     7    23    39    55    71
   120   104    88     8    24    40    56    72
   121   105    89     9    25    41    57    73
   122   106    90    10    26    42    58    74
   123   107    91    11    27    43    59    75
   124   108    92    12    28    44    60    76
   125   109    93    13    29    45    61    77
   126   110    94    14    30    46    62    78
   127   111    95    15    31    47    63    79
   128   112    96    16    32    48    64    80
