t1 = 
  -127   -95   -63   -95
  -126   -94   -62   -94
  -125   -93   -61   -93
  -124   -92   -60   -92
  -123   -91   -59   -91
  -122   -90   -58   -90
  -121   -89   -57   -89
  -120   -88   -56   -88
  -119   -87   -55   -87
  -118   -86   -54   -86
  -117   -85   -53   -85
  -116   -84   -52   -84
  -115   -83   -51   -83
  -114   -82   -50   -82
  -113   -81   -49   -81
  -112   -80   -48   -80
  -111   -79   -47   -79
  -110   -78   -46   -78
  -109   -77   -45   -77
  -108   -76   -44   -76
  -107   -75   -43   -75
  -106   -74   -42   -74
  -105   -73   -41   -73
  -104   -72   -40   -72
  -103   -71   -39   -71
  -102   -70   -38   -70
  -101   -69   -37   -69
  -100   -68   -36   -68
   -99   -67   -35   -67
   -98   -66   -34   -66
   -97   -65   -33   -65
   -96   -64   -32   -64
    97    65    33    65
    98    66    34    66
    99    67    35    67
   100    68    36    68
   101    69    37    69
   102    70    38    70
   103    71    39    71
   104    72    40    72
   105    73    41    73
   106    74    42    74
   107    75    43    75
   108    76    44    76
   109    77    45    77
   110    78    46    78
   111    79    47    79
   112    80    48    80
   113    81    49    81
   114    82    50    82
   115    83    51    83
   116    84    52    84
   117    85    53    85
   118    86    54    86
   119    87    55    87
   120    88    56    88
   121    89    57    89
   122    90    58    90
   123    91    59    91
   124    92    60    92
   125    93    61    93
   126    94    62    94
   127    95    63    95
   128    96    64    96
