t1 = 
  -127   -95   -31   -63
  -126   -94   -30   -62
  -125   -93   -29   -61
  -124   -92   -28   -60
  -123   -91   -27   -59
  -122   -90   -26   -58
  -121   -89   -25   -57
  -120   -88   -24   -56
  -119   -87   -23   -55
  -118   -86   -22   -54
  -117   -85   -21   -53
  -116   -84   -20   -52
  -115   -83   -19   -51
  -114   -82   -18   -50
  -113   -81   -17   -49
  -112   -80   -16   -48
  -111   -79   -15   -47
  -110   -78   -14   -46
  -109   -77   -13   -45
  -108   -76   -12   -44
  -107   -75   -11   -43
  -106   -74   -10   -42
  -105   -73    -9   -41
  -104   -72    -8   -40
  -103   -71    -7   -39
  -102   -70    -6   -38
  -101   -69    -5   -37
  -100   -68    -4   -36
   -99   -67    -3   -35
   -98   -66    -2   -34
   -97   -65    -1   -33
   -96   -64     0   -32
    97    65     1    33
    98    66     2    34
    99    67     3    35
   100    68     4    36
   101    69     5    37
   102    70     6    38
   103    71     7    39
   104    72     8    40
   105    73     9    41
   106    74    10    42
   107    75    11    43
   108    76    12    44
   109    77    13    45
   110    78    14    46
   111    79    15    47
   112    80    16    48
   113    81    17    49
   114    82    18    50
   115    83    19    51
   116    84    20    52
   117    85    21    53
   118    86    22    54
   119    87    23    55
   120    88    24    56
   121    89    25    57
   122    90    26    58
   123    91    27    59
   124    92    28    60
   125    93    29    61
   126    94    30    62
   127    95    31    63
   128    96    32    64
