t1 = 
  -127  -105   -20   -41   -63   -84
  -126  -104   -19   -40   -62   -83
  -125  -103   -18   -39   -61   -82
  -124  -102   -17   -38   -60   -81
  -123  -101   -16   -37   -59   -80
  -122  -100   -15   -36   -58   -79
  -121   -99   -14   -35   -57   -78
  -120   -98   -13   -34   -56   -77
  -119   -97   -12   -33   -55   -76
  -118   -96   -11   -32   -54   -75
  -117   -95   -10   -31   -53   -74
  -116   -94    -9   -30   -52   -73
  -115   -93    -8   -29   -51   -72
  -114   -92    -7   -28   -50   -71
  -113   -91    -6   -27   -49   -70
  -112   -90    -5   -26   -48   -69
  -111   -89    -4   -25   -47   -68
  -110   -88    -3   -24   -46   -67
  -109   -87    -2   -23   -45   -66
  -108   -86    -1   -22   -44   -65
  -107   -85     0   -21   -43   -64
    65    43     1   -20     1    22
    66    44    86   107     2    23
    67    45    87   108     3    24
    68    46    88   109     4    25
    69    47    89   110     5    26
    70    48    90   111     6    27
    71    49    91   112     7    28
    72    50    92   113     8    29
    73    51    93   114     9    30
    74    52    94   115    10    31
    75    53    95   116    11    32
    76    54    96   117    12    33
    77    55    97   118    13    34
    78    56    98   119    14    35
    79    57    99   120    15    36
    80    58   100   121    16    37
    81    59   101   122    17    38
    82    60   102   123    18    39
    83    61   103   124    19    40
    84    62   104   125    20    41
    85    63   105   126    21    42
