t1 = 
   -63   -55   -47    -7   -15   -23   -31   -39
   -62   -54   -46    -6   -14   -22   -30   -38
   -61   -53   -45    -5   -13   -21   -29   -37
   -60   -52   -44    -4   -12   -20   -28   -36
   -59   -51   -43    -3   -11   -19   -27   -35
   -58   -50   -42    -2   -10   -18   -26   -34
   -57   -49   -41    -1    -9   -17   -25   -33
   -56   -48   -40     0    -8   -16   -24   -32
    57    49    41     1     9    17    25    33
    58    50    42     2    10    18    26    34
    59    51    43     3    11    19    27    35
    60    52    44     4    12    20    28    36
    61    53    45     5    13    21    29    37
    62    54    46     6    14    22    30    38
    63    55    47     7    15    23    31    39
    64    56    48     8    16    24    32    40
