t1 = 
  -127  -111   -95   -79   -63   -47   -31   -47
  -126  -110   -94   -78   -62   -46   -30   -46
  -125  -109   -93   -77   -61   -45   -29   -45
  -124  -108   -92   -76   -60   -44   -28   -44
  -123  -107   -91   -75   -59   -43   -27   -43
  -122  -106   -90   -74   -58   -42   -26   -42
  -121  -105   -89   -73   -57   -41   -25   -41
  -120  -104   -88   -72   -56   -40   -24   -40
  -119  -103   -87   -71   -55   -39   -23   -39
  -118  -102   -86   -70   -54   -38   -22   -38
  -117  -101   -85   -69   -53   -37   -21   -37
  -116  -100   -84   -68   -52   -36   -20   -36
  -115   -99   -83   -67   -51   -35   -19   -35
  -114   -98   -82   -66   -50   -34   -18   -34
  -113   -97   -81   -65   -49   -33   -17   -33
  -112   -96   -80   -64   -48   -32   -16   -32
   113    97    81    65    49    33    17    33
   114    98    82    66    50    34    18    34
   115    99    83    67    51    35    19    35
   116   100    84    68    52    36    20    36
   117   101    85    69    53    37    21    37
   118   102    86    70    54    38    22    38
   119   103    87    71    55    39    23    39
   120   104    88    72    56    40    24    40
   121   105    89    73    57    41    25    41
   122   106    90    74    58    42    26    42
   123   107    91    75    59    43    27    43
   124   108    92    76    60    44    28    44
   125   109    93    77    61    45    29    45
   126   110    94    78    62    46    30    46
   127   111    95    79    63    47    31    47
   128   112    96    80    64    48    32    48
